Ile-de-France 0
Centre-Val_de_Loire 15
3 6 0 2 17.8906
3 6 1 2 17.9109
3 6 2 2 17.9823
3 6 3 2 17.9763
3 6 4 2 17.994
3 6 5 2 18.0649
3 6 6 2 18.3301
3 6 7 2 18.3663
3 6 8 2 18.3736
3 6 9 2 18.4589
3 6 10 2 18.576
3 6 11 2 18.7845
3 6 12 2 18.703
3 6 13 2 18.637
3 6 14 2 18.5349
Bourgogne-Franche-Comte 0
Normandie 15
3 10 11 4 35.6452
3 10 12 4 35.6263
3 10 13 4 35.6693
3 10 15 4 35.3191
3 10 16 4 35.4386
3 10 17 4 35.2304
3 10 18 4 34.836
3 10 19 4 34.7672
3 10 20 4 35.2415
3 10 21 4 35.1658
3 10 22 4 35.3833
3 10 23 4 35.0138
3 11 0 4 35.4198
3 11 1 4 33.4877
3 11 2 4 33.1968
Hauts-de-France 0
Grand_Est 15
3 6 1 6 29.7874
3 6 2 6 29.8075
3 6 3 6 30.0552
3 6 4 6 29.8081
3 6 5 6 29.7991
3 6 6 6 29.185
3 6 7 6 29.0014
3 6 8 6 29.5748
3 6 9 6 33.0876
3 6 10 6 32.8091
3 6 11 6 31.5238
3 6 12 6 31.2452
3 6 13 6 31.4742
3 6 14 6 31.2269
3 6 15 6 31.2497
Pays_de_la_Loire 0
Bretagne 0
Nouvelle-Aquitaine 0
Occitanie 0
Auvergne-Rhone-Alpes 0
Provence-Alpes-Cote_d'Azur 0
