Parallele 31
1 1 0 2 19.7836
1 1 0 4 33.9617
1 1 0 10 30.7159
1 1 1 2 19.6619
1 1 1 4 35.1975
1 1 1 10 32.6391
1 1 2 2 19.7877
1 1 2 10 30.98
1 1 3 2 19.9151
1 1 3 10 31.6063
1 1 4 2 19.3592
1 1 4 10 32.2072
1 1 5 2 19.7009
1 1 5 10 32.2235
1 1 6 2 19.248
1 1 6 10 31.9184
1 1 7 2 19.6586
1 1 7 10 31.4093
1 1 8 2 19.589
1 1 8 10 31.2869
1 1 9 2 19.4535
1 1 9 10 31.7832
1 1 10 2 19.5937
1 1 10 4 35.3071
1 1 10 10 31.9217
1 1 11 2 19.5909
1 1 11 4 35.1055
1 1 11 10 31.8261
1 1 12 2 19.6178
1 1 12 4 35.0533
1 1 12 10 31.8583
