Sequentielle 56
1 1 0 4 33.9617
1 1 1 4 35.1975
1 1 2 2 19.7877
1 1 3 2 19.9151
1 1 4 2 19.3592
1 1 5 2 19.7009
1 1 5 2 0
1 1 6 2 19.248
1 1 7 2 19.6586
1 1 8 2 19.589
1 1 9 2 19.4535
1 1 10 4 35.3071
1 1 11 4 35.1055
1 1 12 4 35.0533
1 1 12 4 0
1 1 13 4 35.1673
1 1 14 4 35.2276
1 1 15 4 35.0113
1 1 15 4 0
1 1 16 4 35.0167
1 1 17 4 35.0792
1 1 17 4 0
1 1 18 4 35.0761
1 1 19 4 35.161
1 1 19 4 0
1 1 20 4 35.2766
1 1 21 4 35.1536
1 1 22 4 35.1536
1 1 23 4 35.2594
1 2 0 4 35.2062
1 2 1 4 35.4645
1 2 2 2 18.8666
1 2 3 4 35.3035
1 2 4 4 35.2901
1 2 5 4 35.1438
1 2 6 4 35.1022
1 2 7 4 35.1779
1 2 8 4 35.0501
1 2 9 4 35.0466
1 2 10 4 34.9976
1 2 11 4 35.0091
1 2 13 4 34.9163
1 2 13 4 0
1 2 14 4 34.8996
1 2 15 4 35.0139
1 2 15 4 0
1 2 16 4 35.5367
1 2 16 4 0
1 2 17 4 35.3593
1 2 18 4 34.9977
1 2 18 4 0
1 2 20 4 34.9416
1 2 21 4 34.8476
1 2 22 4 34.818
1 2 23 4 34.8431
1 3 0 4 34.925
