1 01 01 00 836 0 10 0 6 238 18738
2 01 01 00 210 18038 54 0 24 130 -12654
3 01 01 00 250 0 88 0 150 78 4774
4 01 01 00 614 15502 64 0 28 98 -7654
5 01 01 00 2292 9212 784 0 2 240 152
6 01 01 00 2174 18436 402 0 2000 248 -12616
7 01 01 00 1194 0 14 0 10 94 7148
8 01 01 00 452 0 2 2 368 102 7046
9 01 01 00 270 13402 38 0 1300 340 -2328
10 01 01 00 178 5190 260 0 3668 164 2240
11 01 01 00 314 21420 124 0 6152 274 -10800
12 01 01 00 2524 0 30 0 1208 214 8814
1 01 01 01 840 0 2 0 6 274 17952
2 01 01 01 210 18150 126 0 42 126 -12854
3 01 01 01 272 0 138 0 150 78 4516
4 01 01 01 648 15506 124 0 32 118 -8058
5 01 01 01 1968 9210 1210 0 4 246 150
6 01 01 01 1566 18190 794 0 2054 258 -12184
7 01 01 01 1210 0 122 0 12 96 6830
8 01 01 01 480 0 94 0 490 100 6398
9 01 01 01 280 13376 56 0 1072 344 -2374
10 01 01 01 190 5200 392 0 1940 164 3122
11 01 01 01 350 21304 156 0 5398 264 -10598
12 01 01 01 1222 0 16 0 1246 228 9500
1 01 01 02 840 0 4 0 6 276 16814
2 01 01 02 210 17862 122 0 58 126 -12650
3 01 01 02 272 0 108 0 148 86 4678
4 01 01 02 646 12888 120 0 32 122 -5450
5 01 01 02 2208 9210 1154 0 4 248 -256
6 01 01 02 1204 17796 736 0 2128 260 -11332
7 01 01 02 354 0 128 0 12 96 7842
8 01 01 02 464 0 114 0 496 102 6408
9 01 01 02 284 13410 54 0 1008 344 -2170
10 01 01 02 182 5200 442 0 3122 166 1726
11 01 01 02 348 21200 124 0 5700 262 -10834
12 01 01 02 1182 0 26 0 1084 232 9418